%YAML:1.0
vocabulary: !!opencv-matrix
   rows: 10
   cols: 128
   dt: f
   data: [ 11., 2.04545460e+01, 2.94242439e+01, 2.85757580e+01,
       4.21212120e+01, 2.29696980e+01, 1.12424250e+01, 5.78787899e+00,
       3.18484859e+01, 3.03939400e+01, 2.50909100e+01, 2.64242439e+01,
       2.42424240e+01, 1.57575760e+01, 1.81212120e+01, 1.76969700e+01,
       2.05757580e+01, 7.66666698e+00, 1.65151520e+01, 2.42727280e+01,
       3.13939400e+01, 2.47272739e+01, 2.84545460e+01, 2.01818180e+01,
       4.62424240e+01, 1.83939400e+01, 1.37575760e+01, 7.03030300e+00,
       1.21818190e+01, 1.93333340e+01, 1.66969700e+01, 2.26060619e+01,
       1.73636360e+01, 1.88484859e+01, 3.24848480e+01, 3.84848480e+01,
       7.00909119e+01, 5.39393959e+01, 2.56969700e+01, 7.48484850e+00,
       1.06181824e+02, 3.76363640e+01, 2.01818180e+01, 1.96363640e+01,
       2.01818180e+01, 2.30303040e+01, 3.06969700e+01, 4.83939400e+01,
       4.03333359e+01, 8.63636398e+00, 6., 2.18484859e+01,
       4.83636360e+01, 5.08484879e+01, 4.50909119e+01, 2.69393940e+01,
       4.86060638e+01, 1.33636370e+01, 6.72727299e+00, 1.36969700e+01,
       2.66060619e+01, 2.39090919e+01, 1.95454559e+01, 2.42121220e+01,
       1.62727280e+01, 4.45454550e+00, 3.03030300e+00, 1.20303030e+01,
       8.54545517e+01, 8.87272720e+01, 3.29696960e+01, 7.75757599e+00,
       1.11454552e+02, 3.57272720e+01, 1.55757580e+01, 1.62121220e+01,
       3.26666679e+01, 3.14545460e+01, 2.55757580e+01, 3.79090919e+01,
       3.96060600e+01, 2.32727280e+01, 2.65757580e+01, 6.06969719e+01,
       5.67272758e+01, 2.19696980e+01, 6.66666698e+00, 9.84848499e+00,
       4.57272758e+01, 2.63030319e+01, 1.40606060e+01, 3.23030319e+01,
       2.70303040e+01, 1.35454550e+01, 5.42424250e+00, 1.39393940e+01,
       5.66666698e+00, 2.42424250e+00, 8.78787899e+00, 8.54545498e+00,
       6.91212158e+01, 7.27878799e+01, 1.63333340e+01, 2.69696975e+00,
       3.38484840e+01, 1.80303040e+01, 2.21515160e+01, 1.79696980e+01,
       4.17878799e+01, 49., 1.98484859e+01, 1.53333340e+01,
       1.13939400e+01, 2.08787880e+01, 3.15757580e+01, 4.49393959e+01,
       31., 1.93030300e+01, 8.24242401e+00, 8.72727299e+00,
       3.70909119e+01, 2.46060619e+01, 1.89393940e+01, 2.89090919e+01,
       1.16666670e+01, 1.10909090e+01, 7.09090948e+00, 1.42727280e+01,
       1.32222223e+01, 1.12222223e+01, 9.84444427e+00, 2.95111122e+01,
       9.12000046e+01, 1.94444447e+01, 4.75555563e+00, 5.11111116e+00,
       1.01711113e+02, 4.29111137e+01, 1.41555557e+01, 1.10444450e+01,
       1.21777782e+01, 3.02222228e+00, 4.88888884e+00, 1.39777784e+01,
       9.57333374e+01, 2.02000008e+01, 8.35555553e+00, 6.22222233e+00,
       5.15555573e+00, 2.35555553e+00, 3.24444461e+00, 1.31333332e+01,
       1.27555561e+01, 4.46666670e+00, 5.48888922e+00, 5.86666679e+00,
       6.93333340e+00, 5.22222233e+00, 5.93333340e+00, 4.73333359e+00,
       1.33111115e+01, 1.01999998e+01, 1.95555553e+01, 3.87555580e+01,
       1.17688889e+02, 3.33333359e+01, 3.26666665e+00, 2.51111126e+00,
       1.25533333e+02, 4.06444473e+01, 1.82000008e+01, 1.41111116e+01,
       1.76444454e+01, 4.68888903e+00, 6.68888903e+00, 2.28000011e+01,
       1.23844444e+02, 2.07555561e+01, 1.01555557e+01, 4.64444447e+00,
       2.79999995e+00, 6.24444437e+00, 1.37333336e+01, 2.35111122e+01,
       2.01111107e+01, 5.95555592e+00, 3.13333344e+00, 3.24444461e+00,
       7.37777805e+00, 7.24444485e+00, 1.72444458e+01, 7.48888922e+00,
       1.28000002e+01, 3.66666675e+00, 6.02222252e+00, 3.15555573e+01,
       1.23377777e+02, 4.09333344e+01, 1.29555559e+01, 1.06666670e+01,
       1.28622223e+02, 2.53333340e+01, 5.97777796e+00, 7.15555573e+00,
       2.30888901e+01, 7.88888931e+00, 1.49111118e+01, 4.17777786e+01,
       1.27800003e+02, 2.32888889e+01, 3.33333349e+00, 8.88888896e-01,
       1.17777777e+00, 5.42222214e+00, 9.57777786e+00, 2.56666679e+01,
       2.01111107e+01, 9.42222214e+00, 5.28888893e+00, 4.31111145e+00,
       4.95555544e+00, 4.08888912e+00, 1.31555557e+01, 4.64444447e+00,
       1.27555561e+01, 4.80000019e+00, 8., 2.24888897e+01,
       1.03355560e+02, 2.70222225e+01, 9.75555611e+00, 1.92666664e+01,
       1.09355560e+02, 1.88666668e+01, 5.08888912e+00, 4.20000029e+00,
       1.74444447e+01, 9.31111145e+00, 1.20222225e+01, 5.03333359e+01,
       9.95333328e+01, 2.32888889e+01, 4.91111135e+00, 2.06666660e+00,
       2.04444456e+00, 2.24444461e+00, 5.11111116e+00, 2.14888897e+01,
       1.40666666e+01, 1.14444447e+01, 9.04444504e+00, 6.35555553e+00,
       3.95555568e+00, 1.86666667e+00, 1.82222223e+00, 3.77777791e+00,
       1.11250000e+01, 6.90625000e+00, 3.18750000e+00, 3.13750000e+01,
       8.40625000e+01, 1.05625000e+01, 2., 2.68750000e+00,
       1.07093750e+02, 2.88437500e+01, 8.50000000e+00, 2.64062500e+01,
       4.67500000e+01, 5.59375000e+00, 4.46875000e+00, 3.18125000e+01,
       7.85625000e+01, 28., 4.81250000e+00, 8.90625000e+00,
       1.10625000e+01, 12., 1.03125000e+01, 2.67500000e+01,
       2.30312500e+01, 2.69062500e+01, 1.30312500e+01, 1.15937500e+01,
       1.23125000e+01, 1.19687500e+01, 8.68750000e+00, 6.,
       1.28125000e+01, 3.21875000e+00, 6.15625000e+00, 3.37500000e+01,
       1.17750000e+02, 3.05625000e+01, 1.59375000e+00, 4.03125000e+00,
       1.27468750e+02, 2.49375000e+01, 6.18750000e+00, 1.98437500e+01,
       5.53437500e+01, 1.01250000e+01, 5.81250000e+00, 3.89375000e+01,
       7.83750000e+01, 3.01875000e+01, 2.74687500e+01, 4.05937500e+01,
       2.04687500e+01, 1.00312500e+01, 7.18750000e+00, 1.58125000e+01,
       2.58750000e+01, 3.49062500e+01, 3.35937500e+01, 3.62812500e+01,
       1.84062500e+01, 1.28750000e+01, 4.78125000e+00, 6.12500000e+00,
       9.34375000e+00, 3., 5.87500000e+00, 3.38125000e+01,
       1.10968750e+02, 4.44375000e+01, 2.93750000e+00, 5.78125000e+00,
       1.01875000e+02, 66., 2.72812500e+01, 1.41562500e+01,
       4.27812500e+01, 3.01875000e+01, 8.12500000e+00, 2.51875000e+01,
       2.61250000e+01, 5.95937500e+01, 6.69062500e+01, 4.65937500e+01,
       1.25312500e+01, 1.41562500e+01, 1.16562500e+01, 1.05625000e+01,
       2.21562500e+01, 4.95937500e+01, 4.36562500e+01, 2.80312500e+01,
       1.69687500e+01, 1.14687500e+01, 1.03750000e+01, 1.15937500e+01,
       5.34375000e+00, 7.81250000e-01, 2.65625000e+00, 3.08437500e+01,
       68., 2.95000000e+01, 1.22187500e+01, 1.71250000e+01,
       3.23437500e+01, 1.52187500e+01, 7.43750000e+00, 7.68750000e+00,
       2.67812500e+01, 4.11250000e+01, 2.83437500e+01, 3.83437500e+01,
       10., 2.80937500e+01, 25., 1.45312500e+01, 8.46875000e+00,
       2.57187500e+01, 3.69687500e+01, 2.71562500e+01, 1.81250000e+01,
       2.63125000e+01, 1.90625000e+01, 1.98750000e+01, 9.40625000e+00,
       1.53437500e+01, 2.51250000e+01, 1.57187500e+01, 1.11951218e+01,
       1.08536577e+01, 1.26585360e+01, 1.30487804e+01, 2.30243893e+01,
       1.11951218e+01, 5.24390221e+00, 9.87804794e+00, 1.50975609e+01,
       2.99512177e+01, 2.20487804e+01, 2.36585350e+01, 2.23902435e+01,
       1.09756098e+01, 9.26829243e+00, 9.43902397e+00, 5.59999962e+01,
       3.62195091e+01, 1.07804871e+01, 6.26829243e+00, 3.56097555e+00,
       2.51219511e+00, 4.95121956e+00, 1.34634142e+01, 1.48536577e+01,
       5.19512177e+00, 2.75609756e+00, 1.12195122e+00, 1.99999988e+00,
       5.07317066e+00, 2.04878044e+00, 4.60975599e+00, 1.49024382e+01,
       1.36341457e+01, 1.80975609e+01, 4.94634132e+01, 3.73414612e+01,
       7.43902397e+00, 5.21951199e+00, 1.77317066e+01, 2.94878044e+01,
       4.18292656e+01, 5.92439003e+01, 9.68536530e+01, 5.10487785e+01,
       7.78048754e+00, 2.78048778e+00, 5.63414621e+00, 1.38097549e+02,
       8.98780441e+01, 3.21951218e+01, 1.55853653e+01, 5.70731688e+00,
       1.07317066e+00, 1.58536577e+00, 7.70731688e+00, 3.59268265e+01,
       6.09756088e+00, 7.07317054e-01, 7.80487776e-01, 3.43902421e+00,
       5.80487776e+00, 3.29268289e+00, 2.68292665e+00, 8.51219463e+00,
       1.00975609e+01, 3.45853653e+01, 9.87560959e+01, 5.16097527e+01,
