%YAML:1.0
vocabulary: !!opencv-matrix
   rows: 1
   cols: 64
   dt: f
   data: [ -1.15826202e-03, 8.49656499e-06, 3.99678387e-03,
       2.38009193e-03, 8.57456028e-03, -2.29332317e-03, 5.92161492e-02,
       1.78170409e-02, 2.14064158e-02, -1.33359188e-03, 3.69340852e-02,
       9.41955019e-03, 1.19973661e-03, -4.09568573e-04, 1.79979729e-03,
       7.49848608e-04, -7.38336705e-03, 7.40798074e-04, 2.96758246e-02,
       1.30039835e-02, 5.92684373e-02, -1.18759554e-02, 4.42361325e-01,
       1.06953226e-01, 1.44022092e-01, -1.40759200e-02, 2.70644039e-01,
       6.02178052e-02, 4.52814857e-03, -4.14573675e-04, 1.20534599e-02,
       5.83995879e-03, -8.95653106e-03, 2.05343449e-03, 2.86279563e-02,
       1.30045060e-02, 5.03638908e-02, 1.18131880e-02, 4.67089087e-01,
       1.10545985e-01, 1.32315233e-01, -5.94779104e-03, 2.73349047e-01,
       6.65962398e-02, 6.43502874e-03, -2.33358960e-03, 1.26987705e-02,
       6.22457778e-03, -1.72786170e-03, 5.10408543e-04, 4.22785012e-03,
       2.32050731e-03, 4.83644102e-03, 1.63297425e-03, 6.11502230e-02,
       1.76589116e-02, 1.57239977e-02, -3.09974392e-04, 3.79266366e-02,
       1.20537560e-02, 1.55171345e-03, -3.87650274e-04, 2.44854111e-03,
       1.23566540e-03 ]
