%YAML:1.0
vocabulary: !!opencv-matrix
   rows: 1
   cols: 128
   dt: f
   data: [ 1.56792459e+01, 1.14150944e+01, 2.01132088e+01,
       3.07735863e+01, 3.52830200e+01, 9.69811344e+00, 7.28301907e+00,
       8.37735844e+00, 6.24528313e+01, 3.57169800e+01, 2.28301888e+01,
       1.75283012e+01, 1.89245281e+01, 7.18867922e+00, 1.22264156e+01,
       1.83207550e+01, 8.05660400e+01, 4.06415100e+01, 1.48867931e+01,
       4.64150953e+00, 1.90754719e+01, 6.22641516e+00, 8.24528313e+00,
       1.68679256e+01, 3.82075462e+01, 2.04150944e+01, 9.62264156e+00,
       3.37735844e+00, 9.96226406e+00, 2.37735844e+00, 1.92452836e+00,
       5.90566063e+00, 2.37358494e+01, 1.18867922e+01, 2.22264156e+01,
       2.37169819e+01, 4.77358513e+01, 2.24339619e+01, 1.32830191e+01,
       6.32075500e+00, 9.03773575e+01, 3.46981125e+01, 2.80566044e+01,
       2.66037731e+01, 3.07735863e+01, 1.55283022e+01, 1.64716988e+01,
       2.83396225e+01, 1.05981133e+02, 4.19433975e+01, 1.69245281e+01,
       1.24905663e+01, 3.12830200e+01, 1.71509438e+01, 1.24528303e+01,
       2.45471706e+01, 5.12452850e+01, 1.89056606e+01, 6.50943422e+00,
       4.52830219e+00, 1.48867931e+01, 4.90566063e+00, 6.03773594e+00,
       1.02830191e+01, 2.09056606e+01, 6.94339657e+00, 9.01886845e+00,
       1.70188675e+01, 5.32075462e+01, 3.31509438e+01, 2.21509438e+01,
       1.13773584e+01, 9.19245300e+01, 2.82075481e+01, 1.51698112e+01,
       1.83962269e+01, 3.37924538e+01, 2.72264156e+01, 2.92641506e+01,
       3.22264137e+01, 1.05094337e+02, 2.43018875e+01, 1.26603775e+01,
       1.91886787e+01, 3.27547188e+01, 1.04905663e+01, 1.53962269e+01,
       4.24716988e+01, 5.36415100e+01, 1.42452831e+01, 4.66037750e+00,
       4.92452860e+00, 1.74339619e+01, 3.30188680e+00, 4.30188704e+00,
       1.68679256e+01, 1.24528303e+01, 5.60377359e+00, 3.83018875e+00,
       9.41509438e+00, 4.28679237e+01, 3.00754719e+01, 2.56415100e+01,
       1.22830191e+01, 6.62452850e+01, 1.63584900e+01, 1.00943394e+01,
       9.73584938e+00, 2.26792450e+01, 2.43584900e+01, 3.05660381e+01,
       2.92830200e+01, 7.48867950e+01, 16., 5.18867922e+00,
       1.02641506e+01, 2.29811325e+01, 9.50943375e+00, 1.75849056e+01,
       3.57735863e+01, 3.41509438e+01, 1.19245281e+01, 3.,
       2.47169805e+00, 9.62264156e+00, 3.13207555e+00, 4.03773594e+00,
       1.79811325e+01 ]
