%YAML:1.0
vocabulary: !!opencv-matrix
   rows: 10
   cols: 64
   dt: f
   data: [ -2.20499211e-03, -1.17418655e-04, 5.70655195e-03,
       3.55635048e-03, -7.01986812e-03, -3.52292485e-03, 3.85034643e-02,
       2.68139783e-02, 3.05079222e-02, -7.71949068e-03, 4.56392430e-02,
       2.48756371e-02, 1.46836252e-03, -7.48136838e-04, 3.93419014e-03,
       2.47485726e-03, -1.85078550e-02, -9.23076121e-04, 4.20224704e-02,
       2.38823052e-02, -1.28548652e-01, -8.41712356e-02, 3.13524097e-01,
       2.14935347e-01, 2.79008061e-01, -5.87600656e-02, 3.75719249e-01,
       1.37331799e-01, 1.73739213e-02, -6.76225454e-06, 3.25069614e-02,
       1.29620479e-02, -1.80415399e-02, 2.68896646e-03, 4.33981828e-02,
       2.71203835e-02, -1.17539346e-01, 7.56889358e-02, 2.83555478e-01,
       2.07461625e-01, 2.59198427e-01, 4.59391773e-02, 3.54635149e-01,
       1.31570131e-01, 1.92445330e-02, -4.55444679e-03, 3.07828989e-02,
       1.03965038e-02, -2.06692680e-03, 1.00321579e-03, 5.23009524e-03,
       3.62984557e-03, -8.47311318e-03, 3.72511963e-03, 4.01721895e-02,
       2.67428346e-02, 2.13377755e-02, 4.49546054e-03, 4.31911238e-02,
       2.08255053e-02, 3.04120919e-03, -5.84856258e-04, 4.63306438e-03,
       2.05434277e-03, -2.07136525e-03, -1.53302040e-03, 6.73410995e-03,
       4.80946433e-03, 1.74778420e-02, -1.32826483e-02, 3.99886779e-02,
       3.07577047e-02, 7.59421336e-03, -1.33180022e-02, 3.91329154e-02,
       3.35587859e-02, 5.47135528e-03, -2.43666023e-03, 7.83179048e-03,
       4.58033802e-03, -2.76933517e-02, 3.77994846e-03, 5.22248037e-02,
       2.57922187e-02, 1.73664510e-01, 1.16519444e-02, 3.75778854e-01,
       1.91508293e-01, -2.03406066e-02, 2.51705367e-02, 3.08782369e-01,
       2.52030760e-01, 2.55252812e-02, -9.21598170e-03, 5.02957143e-02,
       2.54881438e-02, -4.43360023e-02, 1.52682634e-02, 6.00180402e-02,
       3.22442353e-02, 1.83845714e-01, 5.75994747e-03, 3.96726817e-01,
       1.84486195e-01, -5.97201176e-02, -2.48956122e-02, 3.07580799e-01,
       2.03329191e-01, 1.86523274e-02, -5.38633158e-03, 5.33407517e-02,
       2.86876485e-02, -6.89724647e-03, 2.93625891e-03, 8.81762151e-03,
       5.01437718e-03, 5.24233235e-03, 1.18312789e-02, 4.82559986e-02,
       3.35560292e-02, 4.29471867e-04, 1.83416193e-03, 3.73751931e-02,
       3.26063149e-02, 4.67879465e-04, 2.72965903e-04, 6.80167321e-03,
       4.55108238e-03, -3.82569793e-04, -3.69028334e-04, 1.74331618e-03,
       1.26359204e-03, 3.37308943e-02, -5.32022584e-03, 6.64711297e-02,
       1.19663449e-02, 3.16785909e-02, -3.99419019e-04, 3.24231088e-02,
       5.30905090e-03, 5.71522869e-05, -7.58451060e-05, 1.12568909e-04,
       1.33488968e-04, -4.36530309e-03, -1.96323628e-04, 1.21671678e-02,
       6.43004104e-03, 2.55764514e-01, -1.48997949e-02, 5.30158103e-01,
       5.45903370e-02, 2.19711870e-01, -6.99600438e-03, 2.21800491e-01,
       2.01492123e-02, 1.99301940e-05, -5.42572467e-04, 1.13037345e-03,
       9.82344034e-04, -1.05827842e-02, 6.30715489e-03, 1.88236609e-02,
       1.08176405e-02, 2.68307269e-01, 5.24225459e-03, 5.71810901e-01,
       5.22870608e-02, 2.05019176e-01, -3.29868798e-03, 2.18908504e-01,
       1.83932986e-02, -4.15130082e-04, -4.06696898e-04, 1.76182145e-03,
       1.93611486e-03, -1.30824896e-03, 5.67230396e-04, 2.81023677e-03,
       1.28336356e-03, 3.45972963e-02, 4.28868784e-03, 7.59924352e-02,
       1.15119778e-02, 2.69049145e-02, -4.92559106e-04, 3.35704461e-02,
       5.88818965e-03, -1.13988775e-04, -1.67882346e-04, 3.45160515e-04,
       4.95871296e-04, -1.03713654e-03, -2.45112902e-03, 3.83676519e-03,
       5.01638371e-03, -2.80059571e-03, -8.12755898e-03, 2.56404467e-02,
       4.31058854e-02, 3.70451473e-02, -1.91095006e-02, 4.85345684e-02,
       5.10267094e-02, 1.70493184e-03, -2.71970103e-03, 8.04084260e-03,
       7.43085612e-03, -9.95193701e-03, -6.89191604e-03, 2.88176127e-02,
       2.35515442e-02, 1.06548076e-03, -3.49944681e-02, 1.03423655e-01,
       1.37721658e-01, 2.40325570e-01, 2.41549984e-02, 4.11961645e-01,
       3.03786933e-01, 2.91104568e-03, 7.87443575e-03, 7.00852200e-02,
       6.65391386e-02, -2.86878948e-03, 3.59311787e-04, 2.76628677e-02,
       1.39785288e-02, -7.41401629e-04, 3.63840535e-03, 9.01140496e-02,
       6.68800846e-02, 2.88473219e-01, -3.01580038e-02, 4.40184414e-01,
       2.93201536e-01, 1.68924069e-03, -9.49361082e-03, 6.55227005e-02,
       6.35717437e-02, -8.76108184e-04, 1.68219570e-03, 4.73787216e-03,
       3.82662867e-03, 1.65774615e-03, 9.90694296e-03, 1.50277559e-02,
       2.71081030e-02, 2.33907998e-02, 1.21173952e-02, 3.65150571e-02,
       4.09146734e-02, 2.60622660e-03, 1.05147646e-03, 6.32413616e-03,
       4.80147824e-03, -2.51104683e-03, -2.49614823e-04, 4.01768927e-03,
       2.98427045e-03, 3.29995900e-02, -4.49197646e-03, 5.19422628e-02,
       2.08509453e-02, 4.01791334e-02, -1.76561618e-04, 4.57225069e-02,
       1.05653834e-02, 7.62324955e-04, -2.42733331e-05, 9.15918383e-04,
       2.34537976e-04, -2.44393982e-02, -3.27426125e-03, 3.69024798e-02,
       2.17881780e-02, 2.22713932e-01, -3.57804224e-02, 3.36137652e-01,
       1.13486886e-01, 3.31567019e-01, -1.30595481e-02, 3.73777121e-01,
       3.30178104e-02, 5.43616712e-03, -2.83372356e-04, 7.09449500e-03,
       1.45221187e-03, -2.92077679e-02, 1.31972937e-03, 4.02966253e-02,
       2.11020093e-02, 2.46158957e-01, 3.02311615e-04, 3.49299401e-01,
       1.00351423e-01, 3.23954880e-01, 1.28864078e-02, 3.72629344e-01,
       3.19115743e-02, 4.45799204e-03, -6.69983041e-04, 8.02621152e-03,
       1.84149528e-03, -3.54476343e-03, 8.23859125e-04, 5.51203871e-03,
       3.26762185e-03, 4.29819860e-02, 1.32865505e-02, 6.13602288e-02,
       2.26252172e-02, 3.63444723e-02, 4.77932568e-04, 4.40365672e-02,
       6.12999080e-03, 7.44318124e-04, -1.85501958e-05, 1.02400291e-03,
       2.04301497e-04, -2.00553541e-03, -7.64808501e-04, 6.27958123e-03,
       5.21992100e-03, 2.38910001e-02, -9.78918560e-03, 5.49813099e-02,
       3.82412151e-02, 1.58942472e-02, -2.66537955e-03, 2.53149997e-02,
       2.04319935e-02, -3.98733246e-04, -1.43132056e-03, 1.50972675e-03,
       2.76056211e-03, -1.02688782e-02, -4.99015069e-03, 5.80611490e-02,
       3.88836898e-02, 2.68016070e-01, 4.37820926e-02, 4.76793498e-01,
       2.66095519e-01, 4.83135246e-02, 1.27377324e-02, 7.32628256e-02,
       4.72490974e-02, 1.40979304e-04, -5.51242156e-05, 9.07188188e-03,
       9.27199051e-03, -1.48541639e-02, -1.28891459e-03, 5.27907051e-02,
       4.70340177e-02, 2.68902719e-01, -4.27125171e-02, 4.98149067e-01,
       2.74392784e-01, 6.04321696e-02, -1.48130013e-02, 8.35694224e-02,
       4.52552848e-02, 1.94549200e-03, 1.36362482e-03, 7.22866645e-03,
       6.09605387e-03, -9.62693885e-04, 4.82825126e-05, 6.48048427e-03,
       6.57410873e-03, 3.08022127e-02, 1.15954205e-02, 5.66369034e-02,
       3.13199386e-02, 1.10140489e-02, 2.79190461e-03, 1.83875859e-02,
       1.45458886e-02, 1.42534511e-04, -6.62662424e-05, 6.91807480e-04,
       1.26420462e-03, -1.08219846e-03, -8.30225996e-04, 3.43025709e-03,
       2.65162648e-03, -2.44840980e-03, -5.52789588e-03, 1.68019198e-02,
       1.41293257e-02, 6.19195364e-02, -4.08993661e-03, 6.92818239e-02,
       1.05915815e-02, 9.86537314e-04, -6.08714799e-05, 2.39231787e-03,
       4.50582680e-04, -1.10414680e-02, -3.11647682e-03, 2.54149623e-02,
       1.56521816e-02, -1.72776484e-03, -2.71023680e-02, 1.09172098e-01,
       8.91909450e-02, 4.38710153e-01, -1.99683495e-02, 4.92121041e-01,
       5.77495098e-02, 4.22338396e-03, -5.73815254e-04, 1.74548440e-02,
       3.13985860e-03, -9.09137353e-03, 2.89150281e-03, 2.49548797e-02,
       1.63826644e-02, 4.45766840e-03, 3.15388478e-02, 1.07109390e-01,
       9.61130410e-02, 4.24058855e-01, 1.31384246e-02, 4.92158264e-01,
       6.07181154e-02, 3.74636287e-03, -9.96055969e-05, 1.83026511e-02,
       3.71405692e-03, -9.36051016e-04, 2.31730228e-04, 3.18537676e-03,
       1.85761636e-03, -1.15203881e-03, 2.64201895e-03, 1.78012326e-02,
