%YAML:1.0
vocabulary: !!opencv-matrix
   rows: 10
   cols: 32
   dt: f
   data: [ 1.23394905e+02, 1.01789810e+02, 1.74662430e+02,
       2.20585983e+02, 1.89159241e+02, 8.79108276e+01, 2.16305740e+02,
       1.51229309e+02, 1.08401276e+02, 1.10070068e+02, 1.85108276e+02,
       5.17070084e+01, 1.36203827e+02, 1.06949043e+02, 9.76815338e+01,
       5.07961807e+01, 1.98828033e+02, 1.78675156e+02, 9.28662415e+01,
       1.76840775e+02, 1.57178345e+02, 1.50140137e+02, 9.86560516e+01,
       2.03070068e+02, 1.67050964e+02, 2.01687897e+02, 1.72668793e+02,
       1.80388535e+02, 1.57566879e+02, 1.82191086e+02, 1.63859879e+02,
       1.22305733e+02, 9.53739090e+01, 1.77056519e+02, 1.76152161e+02,
       1.81695648e+02, 2.23599991e+02, 1.75343475e+02, 1.88460861e+02,
       1.76147812e+02, 1.42652161e+02, 1.16765213e+02, 8.63434753e+01,
       8.23782578e+01, 1.62704346e+02, 2.22386948e+02, 1.16573906e+02,
       3.88086929e+01, 1.90234772e+02, 9.09652100e+01, 1.88369553e+02,
       9.60826035e+01, 1.45756516e+02, 8.67782593e+01, 1.41173904e+02,
       2.26321732e+02, 4.67782593e+01, 4.43608665e+01, 1.33621735e+02,
       2.12504333e+02, 1.41630432e+02, 9.47173843e+01, 1.38695648e+02,
       1.84530426e+02, 1.19093338e+02, 1.12959999e+02, 1.49513336e+02,
       1.14293335e+02, 1.13893333e+02, 7.36466675e+01, 1.08486671e+02,
       1.08806671e+02, 9.95200043e+01, 1.83773331e+02, 1.24693336e+02,
       1.69406677e+02, 1.72193344e+02, 7.19400024e+01, 1.57113342e+02,
       1.50919998e+02, 8.67733383e+01, 1.26926666e+02, 1.44020004e+02,
       1.10926666e+02, 1.73453339e+02, 1.70806671e+02, 1.39446671e+02,
       1.03700005e+02, 1.66153336e+02, 1.82673340e+02, 1.17340004e+02,
       1.20286667e+02, 1.15533333e+02, 1.94486664e+02, 9.54866714e+01,
       1.02006668e+02, 1.38153458e+02, 1.50896042e+02, 1.11722771e+02,
       1.93351486e+02, 1.11287125e+02, 1.89198013e+02, 1.77975250e+02,
       1.56331680e+02, 1.51079208e+02, 8.65495071e+01, 1.71396042e+02,
       1.28282181e+02, 1.15846535e+02, 1.84475250e+02, 1.43539597e+02,
       1.15707916e+02, 2.05529694e+02, 1.38564362e+02, 1.95396042e+02,
       1.61658417e+02, 1.72193069e+02, 5.51881180e+01, 1.26876236e+02,
       2.22900986e+02, 1.27292076e+02, 1.30806931e+02, 1.34925735e+02,
       191., 6.27970276e+01, 1.01495049e+02, 1.15123764e+02,
       1.72787125e+02, 1.28352936e+02, 9.73676453e+01, 1.17808823e+02,
       2.23808823e+02, 8.22279434e+01, 5.69779396e+01, 1.27735298e+02,
       1.64338242e+02, 1.03676468e+02, 1.35875000e+02, 2.20169113e+02,
       9.12720566e+01, 9.63897095e+01, 1.16977943e+02, 1.47889709e+02,
       1.08117645e+02, 1.34073532e+02, 2.08772064e+02, 7.63235321e+01,
       2.21205887e+02, 1.94654419e+02, 1.73036758e+02, 5.95955887e+01,
       1.72551468e+02, 2.18830887e+02, 2.23867645e+02, 1.81470596e+02,
       1.34411758e+02, 9.08308792e+01, 1.82808823e+02, 1.38132355e+02,
       1.13139709e+02, 1.21564110e+02, 1.22148720e+02, 1.64902573e+02,
       2.30876938e+02, 1.49066666e+02, 1.32584625e+02, 2.25138474e+02,
       1.50328217e+02, 1.19107697e+02, 1.47661545e+02, 1.76830780e+02,
       1.66861542e+02, 1.56830780e+02, 114., 1.90994873e+02,
       1.28948715e+02, 2.19497437e+02, 1.73117950e+02, 1.89923080e+02,
       1.87620514e+02, 1.92784622e+02, 1.33512817e+02, 1.11405128e+02,
       2.19102570e+02, 2.04789749e+02, 2.10071808e+02, 1.97784622e+02,
       1.77215393e+02, 1.09405128e+02, 1.91379486e+02, 1.40317947e+02,
       1.98461548e+02, 5.65205460e+01, 1.30027390e+02, 1.25474884e+02,
       1.50611862e+02, 1.35547943e+02, 1.28630127e+02, 1.99141541e+02,
       1.43351593e+02, 7.86483994e+01, 1.19228302e+02, 1.18995430e+02,
       2.07579895e+02, 1.14602737e+02, 1.07675797e+02, 1.76082184e+02,
       1.36721451e+02, 1.30689499e+02, 1.32292236e+02, 1.01114151e+02,
       1.94205475e+02, 1.87922363e+02, 1.59525101e+02, 6.66392670e+01,
       2.15200897e+02, 83., 8.02465744e+01, 1.74876709e+02,
       1.61794510e+02, 1.04150681e+02, 1.58639267e+02, 1.20146111e+02,
       2.11031952e+02, 1.12628792e+02, 1.27901520e+02, 1.08757576e+02,
       1.22583336e+02, 1.02030304e+02, 1.36159088e+02, 8.43939438e+01,
       1.43196976e+02, 1.41522736e+02, 1.36704544e+02, 1.53946976e+02,
       3.15075760e+01, 1.44977280e+02, 1.62303040e+02, 6.12196999e+01,
       9.20757599e+01, 1.31590912e+02, 1.60856064e+02, 1.41484848e+02,
       8.16590958e+01, 5.71666679e+01, 1.19128792e+02, 1.73636368e+02,
       7.50681839e+01, 1.80181824e+02, 1.66015152e+02, 87.,
       7.91969757e+01, 1.23318184e+02, 8.32424240e+01, 1.07348488e+02,
       6.93939438e+01, 5.75357132e+01, 1.19765305e+02, 9.56938782e+01,
       1.63846939e+02, 1.35260208e+02, 1.80403061e+02, 1.76265305e+02,
       1.16260201e+02, 1.33591827e+02, 7.14285736e+01, 1.16331627e+02,
       7.31479568e+01, 1.44469391e+02, 1.73897949e+02, 8.10969391e+01,
       9.49387741e+01, 2.03908157e+02, 7.47091827e+01, 1.31785706e+02,
       1.07913261e+02, 97., 1.30530609e+02, 6.28877525e+01,
       2.16775513e+02, 7.40510178e+01, 7.23367310e+01, 1.37326523e+02,
       1.55229584e+02, 9.36887741e+01, 4.12142830e+01, 1.11622444e+02,
       1.73551010e+02, 1.22347557e+02, 1.24030479e+02, 1.97536575e+02,
       1.06835365e+02, 1.73780487e+02, 1.40798782e+02, 1.72219513e+02,
       1.47945114e+02, 1.33817062e+02, 1.87792679e+02, 1.51024384e+02,
       1.60426819e+02, 8.98719482e+01, 1.70713409e+02, 1.79506088e+02,
       1.63341461e+02, 1.58402435e+02, 1.57030487e+02, 1.99829254e+02,
       1.40121948e+02, 1.68170731e+02, 1.26804871e+02, 1.57451218e+02,
       2.05969498e+02, 6.88231659e+01, 1.07817070e+02, 1.44743896e+02,
       1.80439011e+02, 1.61115845e+02, 1.63939026e+02, 1.40176819e+02,
       1.88634140e+02 ]
